9.803381e+03 -5.447036e+04 -5.947056e+05 -1.622793e-02 -2.622622e+11 1.049593e+03 8.245101e+01 -2.430151e+02
-5.447036e+04 6.720923e+05 6.849218e+06 -1.824164e+00 3.783480e+12 4.945510e+03 1.758011e+03 2.189240e+03
-5.947056e+05 6.849218e+06 7.141078e+07 -1.727988e+01 3.807062e+13 4.339667e+04 2.477556e+04 2.312330e+04
-1.622793e-02 -1.824164e+00 -1.727988e+01 1.255608e-05 -1.153980e+07 -5.924707e-02 -1.621978e-02 -4.015695e-03
-2.622622e+11 3.783480e+12 3.807062e+13 -1.153980e+07 2.178411e+19 3.923251e+10 9.701162e+09 1.173457e+10
1.049593e+03 4.945510e+03 4.339667e+04 -5.924707e-02 3.923251e+10 4.490389e+02 1.075195e+02 -5.316995e-01
8.245101e+01 1.758011e+03 2.477556e+04 -1.621978e-02 9.701162e+09 1.075195e+02 1.358364e+02 5.642970e+00
-2.430151e+02 2.189240e+03 2.312330e+04 -4.015695e-03 1.173457e+10 -5.316995e-01 5.642970e+00 8.035337e+00
