81409631.896105 -22546646.930246 2101787051.164968 7828873.227366 66861.056400 1150642.516515 -1185816.322666 -1048082.372462
-22546646.930246 13559442476.644218 -143846574053.515350 -465945942.700573 228414164.574184 375866241.706572 928215.098150 -50069492.198548
2101787051.164968 -143846574053.515350 8975206217909.904297 7875646321.730434 -4005029985.204043 -5967396381.571833 27073686.949271 781699442.324910
7828873.227366 -465945942.700573 7875646321.730434 31398148.229192 -15706173.746608 -19319123.984373 21636.942649 2266514.685874
66861.056400 228414164.574184 -4005029985.204043 -15706173.746608 8091738.021114 9787140.144627 -80462.361801 -1192983.519117
1150642.516515 375866241.706572 -5967396381.571833 -19319123.984373 9787140.144627 14092745.677117 -54675.073460 -1760946.294991
-1185816.322666 928215.098150 27073686.949271 21636.942649 -80462.361801 -54675.073460 20734.832233 19685.515537
-1048082.372462 -50069492.198548 781699442.324910 2266514.685874 -1192983.519117 -1760946.294991 19685.515537 238099.992795
