46519789.654917 -12883798.245855 1201021172.094267 4473641.844209 38206.317943 657510.009437 -677609.327237 -598904.212836
-12883798.245855 7748252843.796673 -82198042316.294647 -266254824.400328 130522379.756676 214780709.546612 530408.627514 -28611138.399170
1201021172.094267 -82198042316.294662 5128689267377.072266 4500369326.703099 -2288588562.973734 -3409940789.469607 15470678.256726 446685395.614235
4473641.844209 -266254824.400328 4500369326.703099 17941798.988110 -8974956.426633 -11039499.419642 12363.967228 1295151.249071
38206.317943 130522379.756676 -2288588562.973734 -8974956.426633 4623850.297779 5592651.511215 -45978.492457 -681704.868067
657510.009437 214780709.546612 -3409940789.469607 -11039499.419642 5592651.511215 8052997.529781 -31242.899120 -1006255.025709
-677609.327237 530408.627514 15470678.256726 12363.967228 -45978.492457 -31242.899120 11848.475562 11248.866021
-598904.212836 -28611138.399170 446685395.614235 1295151.249071 -681704.868067 -1006255.025709 11248.866021 136057.138740
