84250584.896105 -19828540.930246 2103514871.164968 10133607.227366 -1086898.943600 926939.616515 -1185816.322666 -1048082.372462
-19828540.930246 13604179696.644218 -143852075174.515350 -465592327.100573 228222464.774184 376323985.706572 928215.098150 -50069492.198548
2103514871.164968 -143852075174.515350 8975215312252.904297 7878230445.730434 -4006329695.204043 -5968351135.071833 27073686.949271 781699442.324910
10133607.227366 -465592327.100573 7878230445.730434 34419226.229192 -17220213.746608 -20083157.284373 21636.942649 2266514.685874
-1086898.943600 228222464.774184 -4006329695.204043 -17220213.746608 8851545.021114 10169190.344627 -80462.361801 -1192983.519117
926939.616515 376323985.706572 -5968351135.071833 -20083157.284373 10169190.344627 14458882.877117 -54675.073460 -1760946.294991
-1185816.322666 928215.098150 27073686.949271 21636.942649 -80462.361801 -54675.073460 20734.832233 19685.515537
-1048082.372462 -50069492.198548 781699442.324910 2266514.685874 -1192983.519117 -1760946.294991 19685.515537 238099.992795
