84303251.649847 -19821794.761616 2102623169.646555 10133605.870832 -1085698.643160 938783.066849 -1183105.005296 -1048887.868773
-19821794.761616 13606494748.314251 -143855508776.887543 -465592332.303760 228262200.969454 376314439.057913 946239.754369 -50071660.663050
2102623169.646555 -143855508776.887543 8975239257770.373047 7878230482.221011 -4006407050.595929 -5968534809.765309 26997610.339346 781716606.944724
10133605.870832 -465592332.303760 7878230482.221011 34419226.229254 -17220213.863971 -20083157.563499 21636.830444 2266514.711956
-1085698.643160 228262200.969454 -4006407050.595929 -17220213.863971 8852255.106021 10169271.610248 -80089.212669 -1193037.266508
938783.066849 376314439.057913 -5968534809.765309 -20083157.563499 10169271.610248 14461631.289096 -54141.529136 -1761117.152960
-1183105.005296 946239.754369 26997610.339346 21636.830444 -80089.212669 -54141.529136 21174.553601 19626.923290
-1048887.868773 -50071660.663050 781716606.944724 2266514.711956 -1193037.266508 -1761117.152960 19626.923290 238114.286072
