49154328.231131 -28464400.799035 1357112677.412751 7271126.526493 -1363163.736168 -9931.643972 -676858.967695 -530904.288373
-28464400.799035 2858430580.256174 -13631315527.705509 -109886001.787358 52294350.237407 79166489.924435 731331.927088 -9043241.188206
1357112677.412751 -13631315527.705511 4002396700734.319824 2298405048.144632 -1187034201.880405 -1495412145.200662 12579840.416549 173235795.457875
7271126.526493 -109886001.787358 2298405048.144632 15819677.961534 -7916097.741373 -7370994.580393 6046.735632 667232.798230
-1363163.736168 52294350.237407 -1187034201.880405 -7916097.741373 4096765.649490 3756973.755924 -42761.151487 -367576.062395
-9931.643972 79166489.924435 -1495412145.200662 -7370994.580393 3756973.755924 4586025.875428 -25722.140401 -460745.760511
-676858.967695 731331.927088 12579840.416549 6046.735632 -42761.151487 -25722.140401 11909.934575 10453.163007
-530904.288373 -9043241.188206 173235795.457875 667232.798230 -367576.062395 -460745.760511 10453.163007 57996.739752
