58897.596990 6347.839102 -994047.445680 -1.494690 1283.022626 13222.339362 2865.682432 -863.635495 -2639.926310
6347.839102 2737049.039592 -3860424.274997 -5.741922 45674.294137 -11595.465612 19569.776124 -1278.275502 -88707.791330
-994047.445680 -3860424.274997 26607681.446571 39.989040 -84403.269899 -204574.397934 -80229.425580 16837.831730 166780.845905
-1.494690 -5.741922 39.989040 0.000066 -0.125986 -0.307558 -0.117319 0.025292 0.248442
1283.022626 45674.294137 -84403.269899 -0.125986 792.376069 72.301519 394.077487 -38.494751 -1536.934340
13222.339362 -11595.465612 -204574.397934 -0.307558 72.301519 3066.649664 561.031980 -187.821472 -174.769318
2865.682432 19569.776124 -80229.425580 -0.117319 394.077487 561.031980 449.030617 -51.360485 -781.836554
-863.635495 -1278.275502 16837.831730 0.025292 -38.494751 -187.821472 -51.360485 13.321232 77.115666
-2639.926310 -88707.791330 166780.845905 0.248442 -1536.934340 -174.769318 -781.836554 77.115666 2989.748579
