33655.769709 3627.336630 -568027.111817 -0.854108 733.155786 7555.622493 1637.532819 -493.505997 -1508.529320
3627.336630 1564028.022624 -2205956.728569 -3.281098 26099.596649 -6625.980350 11182.729214 -730.443144 -50690.166474
-568027.111817 -2205956.728569 15204389.398041 22.850880 -48230.439942 -116899.655962 -45845.386045 9621.618131 95303.340517
-0.854108 -3.281098 22.850880 0.000038 -0.071992 -0.175747 -0.067040 0.014453 0.141967
733.155786 26099.596649 -48230.439942 -0.071992 452.786325 41.315154 225.187135 -21.997000 -878.248194
7555.622493 -6625.980350 -116899.655962 -0.175747 41.315154 1752.371237 320.589703 -107.326555 -99.868182
1637.532819 11182.729214 -45845.386045 -0.067040 225.187135 320.589703 256.588924 -29.348848 -446.763745
-493.505997 -730.443144 9621.618131 0.014453 -21.997000 -107.326555 -29.348848 7.612133 44.066095
-1508.529320 -50690.166474 95303.340517 0.141967 -878.248194 -99.868182 -446.763745 44.066095 1708.427759
