16221.835283 -89859.139050 -152807.802354 -0.232751 -1190.581462 3945.924484 195.481420 -203.178901 2257.848357
-89859.139050 1020219.222302 65574.233561 0.114696 15182.970793 -25759.637504 3327.011370 844.475201 -29228.833588
-152807.802354 65574.233561 5093393.791145 7.729259 -1637.408363 -31041.029639 -10235.800174 2680.528874 4065.299113
-0.232751 0.114696 7.729259 0.000015 -0.002273 -0.047302 -0.014800 0.004072 0.005641
-1190.581462 15182.970793 -1637.408363 -0.002273 230.646745 -354.410685 59.953471 10.286966 -443.253837
3945.924484 -25759.637504 -31041.029639 -0.047302 -354.410685 1001.996829 16.882323 -47.315211 674.594389
195.481420 3327.011370 -10235.800174 -0.014800 59.953471 16.882323 70.959355 -5.217663 -119.202922
-203.178901 844.475201 2680.528874 0.004072 10.286966 -47.315211 -5.217663 2.767461 -19.195976
2257.848357 -29228.833588 4065.299113 0.005641 -443.253837 674.594389 -119.202922 -19.195976 854.285431
