81022801.254009 -54431344.369756 2372162319.101066 8691187.286819 -364596.224362 367876.062513 -1184830.376140 -928809.411158
-54431344.369756 4922428959.524080 -23845235935.962952 -192919330.526699 91827223.257812 137779829.380571 1274424.054091 -15826357.022095
2372162319.101066 -23845235935.962952 7004170308720.137695 4017686605.004423 -2075031971.859673 -2615252408.224847 22031742.532843 303158330.158092
8691187.286819 -192919330.526699 4017686605.004423 22397549.932659 -11203601.042323 -11562182.167333 10581.812163 1167657.390315
-364596.224362 91827223.257812 -2075031971.859673 -11203601.042323 5839314.232225 5906670.306735 -74931.845347 -643264.596197
367876.062513 137779829.380571 -2615252408.224847 -11562182.167333 5906670.306735 7383226.814166 -45042.874259 -806244.728421
-1184830.376140 1274424.054091 22031742.532843 10581.812163 -74931.845347 -45042.874259 20720.544314 18304.429983
-928809.411158 -15826357.022095 303158330.158092 1167657.390315 -643264.596197 -806244.728421 18304.429983 101490.481799
