49139696.573719 -28385519.354146 1357249145.200616 7271126.735325 -1362100.699636 -13488.007135 -677045.929223 -530748.234948
-28385519.354146 2857553768.299461 -13631350227.264475 -109886001.843827 52280999.204464 79189075.074612 728242.316623 -9043632.584054
1357249145.200616 -13631350227.264477 4002392127897.356445 2298405041.145388 -1187032265.348392 -1495384701.057049 12589567.161625 173233331.518910
7271126.735325 -109886001.843827 2298405041.145388 15819677.961520 -7916097.738471 -7370994.538476 6046.749807 667232.794466
-1362100.699636 52280999.204464 -1187032265.348392 -7916097.738471 4096557.989843 3757290.375277 -42818.197341 -367579.769255
-13488.007135 79189075.074612 -1495384701.057049 -7370994.538476 3757290.375277 4585123.950952 -25738.785291 -460711.273384
-677045.929223 728242.316623 12589567.161625 6046.749807 -42818.197341 -25738.785291 11840.311037 10459.674276
-530748.234948 -9043632.584054 173233331.518910 667232.794466 -367579.769255 -460711.273384 10459.674276 57994.561028
