30451.030342 1447.925062 -512902.154667 -0.780307 651.286583 6859.383245 1551.169217 -463.788071
1447.925062 1341102.568703 -1943420.515552 -2.944671 22971.280207 -6087.919925 10305.832962 -1217.490961
-512902.154667 -1943420.515552 13753366.382410 20.959173 -43952.945061 -105789.404213 -43555.768695 9851.638673
-0.780307 -2.944671 20.959173 0.000035 -0.066681 -0.160775 -0.064241 0.014971
651.286583 22971.280207 -43952.945061 -0.066681 409.646495 37.313871 213.356790 -30.407214
6859.383245 -6087.919925 -105789.404213 -0.160775 37.313871 1594.416565 305.245165 -98.524327
1551.169217 10305.832962 -43555.768695 -0.064241 213.356790 305.245165 251.651630 -33.525365
-463.788071 -1217.490961 9851.638673 0.014971 -30.407214 -98.524327 -33.525365 8.205605
