1.4791437754e+02 -8.2402247247e+02 -7.4841796441e+02 -1.1407393675e-03 -9.4875811117e+00 3.7174989010e+01 3.6271564032e+00 -1.4718574001e+00
-8.2402247247e+02 1.2817203941e+04 -1.0508306022e+04 -1.6424705143e-02 1.7591763194e+02 -2.4825603268e+02 2.6812135573e+02 -5.1307453409e-01
-7.4841796441e+02 -1.0508306022e+04 4.0023307800e+04 6.1863584304e-02 -1.7233622935e+02 -7.8470708405e+01 -4.8743520606e+02 2.3488168167e+01
-1.1407393675e-03 -1.6424705143e-02 6.1863584304e-02 9.5664535071e-08 -2.6874602253e-04 -1.1744344851e-04 -7.5679275990e-04 3.6234312285e-05
-9.4875811117e+00 1.7591763194e+02 -1.7233622935e+02 -2.6874602253e-04 2.4521392172e+00 -3.0222588204e+00 4.0443878072e+00 -3.5580509331e-02
3.7174989010e+01 -2.4825603268e+02 -7.8470708405e+01 -1.1744344851e-04 -3.0222588204e+00 9.8532770523e+00 -1.7108659071e-01 -3.2680373133e-01
3.6271564032e+00 2.6812135573e+02 -4.8743520606e+02 -7.5679275990e-04 4.0443878072e+00 -1.7108659071e-01 1.1146362508e+01 -3.4941219614e-01
-1.4718574001e+00 -5.1307453409e-01 2.3488168167e+01 3.6234312285e-05 -3.5580509331e-02 -3.2680373133e-01 -3.4941219614e-01 2.4086479428e-02
