3.0806850814e+03 -1.5527780917e+04 -2.4273488465e+04 -3.7114933062e-02 -2.3160282362e+02 7.6658437639e+02 5.2484151934e+01 -3.2969088980e+01
-1.5527780917e+04 1.3968314417e+05 -2.9842770456e+03 -5.4569595563e-03 2.3627059438e+03 -4.3297430053e+03 6.6368027863e+02 1.0102911598e+02
-2.4273488465e+04 -2.9842770456e+03 7.3131840171e+05 1.1217325802e+00 -5.8721149945e+02 -4.9207548708e+03 -2.5452420308e+03 4.3068073599e+02
-3.7114933062e-02 -5.4569595563e-03 1.1217325802e+00 1.7212175914e-06 -9.1303642567e-04 -7.5159652256e-03 -3.9094702744e-03 6.5970124278e-04
-2.3160282362e+02 2.3627059438e+03 -5.8721149945e+02 -9.1303642567e-04 4.0754741323e+01 -6.6836432851e+01 1.3967540823e+01 1.2126114277e+00
7.6658437639e+02 -4.3297430053e+03 -4.9207548708e+03 -7.5159652256e-03 -6.6836432851e+01 1.9583925526e+02 6.0791914685e+00 -7.6838511450e+00
5.2484151934e+01 6.6368027863e+02 -2.5452420308e+03 -3.9094702744e-03 1.3967540823e+01 6.0791914685e+00 1.6697550743e+01 -1.6162798292e+00
-3.2969088980e+01 1.0102911598e+02 4.3068073599e+02 6.5970124278e-04 1.2126114277e+00 -7.6838511450e+00 -1.6162798292e+00 4.2929646163e-01
