30452.424173 2059.744574 -512931.991432 -0.771288 651.461301 6859.659381 1551.334702 -445.543006 -1338.366801
2059.744574 1381329.761877 -1982528.938305 -2.947569 23327.441999 -6044.685950 10496.675361 -627.862110 -45097.648323
-512931.991432 -1982528.938305 13755043.042604 20.670344 -43956.245434 -105794.639655 -43559.342498 8669.942147 86521.206542
-0.771288 -2.947569 20.670344 0.000035 -0.065602 -0.159048 -0.063569 0.013022 0.128830
651.461301 23327.441999 -43956.245434 -0.065602 409.664954 37.350919 213.375794 -19.591606 -791.112154
6859.659381 -6044.685950 -105794.639655 -0.159048 37.350919 1594.469611 305.278146 -97.300960 -90.584624
1551.334702 10496.675361 -43559.342498 -0.063569 213.375794 305.278146 251.679721 -27.746206 -422.706347
-445.543006 -627.862110 8669.942147 0.013022 -19.591606 -97.300960 -27.746206 6.849737 39.122603
-1338.366801 -45097.648323 86521.206542 0.128830 -791.112154 -90.584624 -422.706347 39.122603 1532.341537
