5.1023199681e+03 -2.6675605468e+04 -4.4219406838e+04 -6.7572445192e-02 -3.8411066624e+02 1.2588061186e+03 7.2691508567e+01 -5.4495441575e+01
-2.6675605468e+04 2.5409935282e+05 2.0634470294e+04 3.0229578721e-02 4.1333863024e+03 -7.4584806787e+03 8.8254395395e+02 1.6703075828e+02
-4.4219406838e+04 2.0634470294e+04 1.3118979143e+06 2.0113250274e+00 -5.0261659717e+02 -9.1799817162e+03 -3.3571966862e+03 7.6335088316e+02
-6.7572445192e-02 3.0229578721e-02 2.0113250274e+00 3.0850089000e-06 -7.8756131529e-04 -1.4013424139e-02 -5.1520838699e-03 1.1684532700e-03
-3.8411066624e+02 4.1333863024e+03 -5.0261659717e+02 -7.8756131529e-04 6.8450479725e+01 -1.1115700263e+02 1.7773839549e+01 1.9206558954e+00
1.2588061186e+03 -7.4584806787e+03 -9.1799817162e+03 -1.4013424139e-02 -1.1115700263e+02 3.1975645139e+02 8.1623222976e+00 -1.2517569019e+01
7.2691508567e+01 8.8254395395e+02 -3.3571966862e+03 -5.1520838699e-03 1.7773839549e+01 8.1623222976e+00 1.6729582023e+01 -2.1806331810e+00
-5.4495441575e+01 1.6703075828e+02 7.6335088316e+02 1.1684532700e-03 1.9206558954e+00 -1.2517569019e+01 -2.1806331810e+00 7.1805074972e-01
