53291.742303 3604.553005 -897630.985005 -1.349755 1140.057276 12004.403917 2714.835729 -779.700260 -2342.141901
3604.553005 2417327.083285 -3469425.642033 -5.158245 40823.023499 -10578.200413 18369.181881 -1098.758693 -78920.884566
-897630.985005 -3469425.642033 24071325.324558 36.173101 -76923.429510 -185140.619396 -76228.849371 15172.398758 151412.111448
-1.349755 -5.158245 36.173101 0.000061 -0.114803 -0.278333 -0.111245 0.022788 0.225453
1140.057276 40823.023499 -76923.429510 -0.114803 716.913670 65.364108 373.407640 -34.285310 -1384.446269
12004.403917 -10578.200413 -185140.619396 -0.278333 65.364108 2790.321819 534.236756 -170.276680 -158.523092
2714.835729 18369.181881 -76228.849371 -0.111245 373.407640 534.236756 440.439512 -48.555860 -739.736107
-779.700260 -1098.758693 15172.398758 0.022788 -34.285310 -170.276680 -48.555860 11.987040 68.464555
-2342.141901 -78920.884566 151412.111448 0.225453 -1384.446269 -158.523092 -739.736107 68.464555 2681.597691
