7.5712091746e+03 -4.1100770507e+04 -7.0542352059e+04 -1.0776574146e-01 -5.6663021706e+02 1.8537530809e+03 9.0097337408e+01 -8.0614834227e+01
-4.1100770507e+04 4.2442505382e+05 5.4108266584e+04 8.0057725419e-02 6.6014581860e+03 -1.1608969609e+04 1.1678683497e+03 2.3616562504e+02
-7.0542352059e+04 5.4108266584e+04 2.1239735038e+06 3.2575198419e+00 -3.2753365289e+02 -1.4802189448e+04 -4.1361124319e+03 1.2097286727e+03
-1.0776574146e-01 8.0057725419e-02 3.2575198419e+00 4.9993003191e-06 -5.3692915411e-04 -2.2582095905e-02 -6.3534730189e-03 1.8521112269e-03
-5.6663021706e+02 6.6014581860e+03 -3.2753365289e+02 -5.3692915411e-04 1.0436635011e+02 -1.6587663667e+02 2.2113230799e+01 2.5116552164e+00
1.8537530809e+03 -1.1608969609e+04 -1.4802189448e+04 -2.2582095905e-02 -1.6587663667e+02 4.6978768897e+02 9.1356440048e+00 -1.8189533512e+01
9.0097337408e+01 1.1678683497e+03 -4.1361124319e+03 -6.3534730189e-03 2.2113230799e+01 9.1356440048e+00 1.6461748303e+01 -2.7674202641e+00
-8.0614834227e+01 2.3616562504e+02 1.2097286727e+03 1.8521112269e-03 2.5116552164e+00 -1.8189533512e+01 -2.7674202641e+00 1.0867845858e+00
