14981.764670 -81318.768261 -139689.836674 -0.213770 -1098.275760 3646.896014 188.308144 -159.446830
-81318.768261 894863.710155 54071.307664 0.086162 13612.476439 -23224.082939 3092.989242 413.625571
-139689.836674 54071.307664 4639703.819245 7.101563 -1670.881896 -28248.390161 -9797.786120 2504.533639
-0.213770 0.086162 7.101563 0.000014 -0.002495 -0.043149 -0.014281 0.003826
-1098.275760 13612.476439 -1670.881896 -0.002495 211.470572 -325.875138 57.117201 4.025056
3646.896014 -23224.082939 -28248.390161 -0.043149 -325.875138 925.578628 16.902656 -35.355392
188.308144 3092.989242 -9797.786120 -0.014281 57.117201 16.902656 69.939087 -6.545465
-159.446830 413.625571 2504.533639 0.003826 4.025056 -35.355392 -6.545465 2.214552
