1.0446921949e+04 -5.8432302579e+04 -1.0316966382e+05 -1.5763952999e-01 -7.7205829975e+02 2.5388692955e+03 1.0411215962e+02 -1.1107391204e+02
-5.8432302579e+04 6.5923659466e+05 9.2508806644e+04 1.3420994159e-01 9.8352999673e+03 -1.6770435856e+04 1.5326444760e+03 2.9565308740e+02
-1.0316966382e+05 9.2508806644e+04 3.2127992983e+06 4.9342426078e+00 -1.3134091567e+02 -2.1724125233e+04 -4.8863249522e+03 1.7793563747e+03
-1.5763952999e-01 1.3420994159e-01 4.9342426078e+00 7.5867754159e-06 -2.9947967530e-04 -3.3108667980e-02 -7.5329649639e-03 2.7284801817e-03
-7.7205829975e+02 9.8352999673e+03 -1.3134091567e+02 -2.9947967530e-04 1.4896290958e+02 -2.3023283019e+02 2.7244509888e+01 2.8172482734e+00
2.5388692955e+03 -1.6770435856e+04 -2.1724125233e+04 -3.3108667980e-02 -2.3023283019e+02 6.4343852596e+02 8.7500368935e+00 -2.4535053234e+01
1.0411215962e+02 1.5326444760e+03 -4.8863249522e+03 -7.5329649639e-03 2.7244509888e+01 8.7500368935e+00 1.6189835195e+01 -3.3794436068e+00
-1.1107391204e+02 2.9565308740e+02 1.7793563747e+03 2.7284801817e-03 2.8172482734e+00 -2.4535053234e+01 -3.3794436068e+00 1.5449524495e+00
