14981.807222 -82250.797425 -139697.011412 -0.212824 -1098.254797 3646.897931 188.316802 -187.739859 2073.631330
-82250.797425 918407.788207 52207.905568 0.093990 13793.825129 -23501.352315 3143.686127 779.085926 -26443.624613
-139697.011412 52207.905568 4641073.244011 7.041300 -1671.575074 -28249.086069 -9797.492303 2447.800331 4062.581235
-0.212824 0.093990 7.041300 0.000014 -0.002331 -0.043056 -0.014120 0.003718 0.005647
-1098.254797 13793.825129 -1671.575074 -0.002331 211.471796 -325.868942 57.119068 9.570954 -404.772274
3646.897931 -23501.352315 -28249.086069 -0.043056 -325.868942 925.576196 16.905156 -43.790889 617.601391
188.316802 3143.686127 -9797.492303 -0.014120 57.119068 16.905156 69.940191 -4.985035 -113.462303
-187.739859 779.085926 2447.800331 0.003718 9.570954 -43.790889 -4.985035 2.552057 -17.785189
2073.631330 -26443.624613 4062.581235 0.005647 -404.772274 617.601391 -113.462303 -17.785189 777.048991
