26218.162638 -143938.895494 -244469.769971 -0.372443 -1921.945895 6382.071379 329.554404 -328.544754 3628.854828
-143938.895494 1607213.629362 91363.834744 0.164482 24139.193975 -41127.366551 5501.450721 1363.400371 -46276.343073
-244469.769971 91363.834744 8121878.177019 12.322276 -2925.256379 -49435.900620 -17145.611531 4283.650579 7109.517162
-0.372443 0.164482 12.322276 0.000025 -0.004079 -0.075348 -0.024711 0.006507 0.009883
-1921.945895 24139.193975 -2925.256379 -0.004079 370.075643 -570.270649 99.958369 16.749170 -708.351480
6382.071379 -41127.366551 -49435.900620 -0.075348 -570.270649 1619.758344 29.584023 -76.634055 1080.802434
329.554404 5501.450721 -17145.611531 -0.024711 99.958369 29.584023 122.395334 -8.723811 -198.559030
-328.544754 1363.400371 4283.650579 0.006507 16.749170 -76.634055 -8.723811 4.466099 -31.124081
3628.854828 -46276.343073 7109.517162 0.009883 -708.351480 1080.802434 -198.559030 -31.124081 1359.835734
