6.1078069682e+02 -3.1906024159e+03 -3.4256013934e+03 -5.2579938967e-03 -4.3964989508e+01 1.5538372447e+02 1.4025108153e+01 -6.3362566978e+00
-3.1906024159e+03 3.3880810659e+04 -1.7745591919e+04 -2.7637564757e-02 5.3829939596e+02 -9.2142306091e+02 3.9247006628e+02 1.4668173572e+01
-3.4256013934e+03 -1.7745591919e+04 1.3598946183e+05 2.0968668476e-01 -3.9272948216e+02 -5.6122167899e+02 -1.0312513320e+03 7.8236654011e+01
-5.2579938967e-03 -2.7637564757e-02 2.0968668476e-01 3.2350077593e-07 -6.0972294967e-04 -8.5972750231e-04 -1.5934467878e-03 1.2049215898e-04
-4.3964989508e+01 5.3829939596e+02 -3.9272948216e+02 -6.0972294967e-04 8.7122679830e+00 -1.3218107722e+01 7.2512582381e+00 1.2654212782e-01
1.5538372447e+02 -9.2142306091e+02 -5.6122167899e+02 -8.5972750231e-04 -1.3218107722e+01 4.0845035134e+01 1.0071753193e+00 -1.4897189565e+00
1.4025108153e+01 3.9247006628e+02 -1.0312513320e+03 -1.5934467878e-03 7.2512582381e+00 1.0071753193e+00 1.4358438205e+01 -6.6574877835e-01
-6.3362566978e+00 1.4668173572e+01 7.8236654011e+01 1.2049215898e-04 1.2654212782e-01 -1.4897189565e+00 -6.6574877835e-01 8.6508178724e-02
