26218.088173 -142307.844456 -244457.214179 -0.374097 -1921.982581 6382.068025 329.539251 -279.031953
-142307.844456 1566011.492770 94624.788413 0.150784 23821.833768 -40642.145143 5412.731173 723.844749
-244457.214179 94624.788413 8119481.683680 12.427736 -2924.043319 -49434.682781 -17146.125710 4382.933869
-0.374097 0.150784 12.427736 0.000024 -0.004366 -0.075511 -0.024991 0.006696
-1921.982581 23821.833768 -2924.043319 -0.004366 370.073500 -570.281491 99.955101 7.043848
6382.068025 -40642.145143 -49434.682781 -0.075511 -570.281491 1619.762598 29.579648 -61.871936
329.539251 5412.731173 -17146.125710 -0.024991 99.955101 29.579648 122.393403 -11.454565
-279.031953 723.844749 4382.933869 0.006696 7.043848 -61.871936 -11.454565 3.875466
