53289.303098 2533.868859 -897578.770667 -1.365537 1139.751520 12003.920679 2714.546129 -811.629124
2533.868859 2346929.495229 -3400985.902217 -5.153174 40199.740362 -10653.859870 18035.207684 -2130.609181
-897578.770667 -3400985.902217 24068391.169217 36.678553 -76917.653856 -185131.457372 -76222.595216 17240.367677
-1.365537 -5.153174 36.678553 0.000062 -0.116691 -0.281357 -0.112421 0.026198
1139.751520 40199.740362 -76917.653856 -0.116691 716.881367 65.299275 373.374383 -53.212625
12003.920679 -10653.859870 -185131.457372 -0.281357 65.299275 2790.228988 534.179039 -172.417572
2714.546129 18035.207684 -76222.595216 -0.112421 373.374383 534.179039 440.390353 -58.669388
-811.629124 -2130.609181 17240.367677 0.026198 -53.212625 -172.417572 -58.669388 14.359808
