1.5728640409e+03 -7.8290192117e+03 -1.0815060582e+04 -1.6562470167e-02 -1.1694986976e+02 3.9552923656e+02 3.1678334517e+01 -1.6737941480e+01
-7.8290192117e+03 7.0968826401e+04 -1.5421542871e+04 -2.4254371870e-02 1.2100158906e+03 -2.2011886935e+03 5.0514105626e+02 4.8628624591e+01
-1.0815060582e+04 -1.5421542871e+04 3.5086389467e+05 5.3919183226e-01 -5.4846694515e+02 -2.0763115376e+03 -1.7430231963e+03 2.0601163027e+02
-1.6562470167e-02 -2.4254371870e-02 5.3919183226e-01 8.2896944040e-07 -8.5155755315e-04 -3.1757044708e-03 -2.6838916480e-03 3.1620570102e-04
-1.1694986976e+02 1.2100158906e+03 -5.4846694515e+02 -8.5155755315e-04 2.1055549048e+01 -3.4083207322e+01 1.0519924903e+01 5.6526310359e-01
3.9552923656e+02 -2.2011886935e+03 -2.0763115376e+03 -3.1757044708e-03 -3.4083207322e+01 1.0214926304e+02 3.4118265351e+00 -3.9412839527e+00
3.1678334517e+01 5.0514105626e+02 -1.7430231963e+03 -2.6838916480e-03 1.0519924903e+01 3.4118265351e+00 1.6040488035e+01 -1.0975925519e+00
-1.6737941480e+01 4.8628624591e+01 2.0601163027e+02 3.1620570102e-04 5.6526310359e-01 -3.9412839527e+00 -1.0975925519e+00 2.1885985390e-01
