3.1309867738e+01 -1.4526098799e+02 -3.0874172503e+02 -7.2343967143e-04 -1.5824095536e+00 6.9351921164e+00 1.0105847378e+00 -3.2639390270e-01
-1.4526098799e+02 2.5678389085e+03 -1.7746943921e+03 1.1284310063e-02 3.6824953161e+01 -3.8734570435e+01 1.0643201232e+02 -9.3205531111e-01
-3.0874172503e+02 -1.7746943921e+03 1.0202153410e+04 -8.3940191011e-03 -3.4217206123e+01 -5.0448008680e+01 -1.8761106792e+02 7.4334779260e+00
-7.2343967143e-04 1.1284310063e-02 -8.3940191011e-03 3.0585920047e-06 1.5483282455e-04 -1.6509784204e-04 5.2962639500e-04 -4.2486212932e-06
-1.5824095536e+00 3.6824953161e+01 -3.4217206123e+01 1.5483282455e-04 5.3936683579e-01 -4.5574196284e-01 1.6730098781e+00 -2.1503939201e-02
6.9351921164e+00 -3.8734570435e+01 -5.0448008680e+01 -1.6509784204e-04 -4.5574196284e-01 1.6230816175e+00 -8.2903240406e-02 -6.4005032899e-02
1.0105847378e+00 1.0643201232e+02 -1.8761106792e+02 5.2962639500e-04 1.6730098781e+00 -8.2903240406e-02 6.8636871896e+00 -1.5668478802e-01
-3.2639390270e-01 -9.3205531111e-01 7.4334779260e+00 -4.2486212932e-06 -2.1503939201e-02 -6.4005032899e-02 -1.5668478802e-01 6.6135074555e-03
